ENERGY=8999.99999997
DISTANCE=0.201959962268
DIRECT_BEAM_XY=639.958133392,217.563754271
HAS_SUBSTRATE=YES
SUBSTRATE=Si
INPLANE=1 1 0
OUTPLANE=0 0 1
